23323
20241
9593
25174
9904
30527
16745
12628
12426
22392
176
18417
4771
21915
22076
8109
10639
16575
26202
22262
14348
13943
26337
24724
26843
27989
20396
16964
8910
2220
28494
9891
25379
22938
14338
17998
4624
12614
22753
27720
1439
10343
30552
6556
9916
6
7384
3139
27788
32644
11471
11591
8705
29662
30424
10793
10668
13360
14638
15745
13266
20344
10087
27364
6849
18333
18783
12810
22884
32176
18034
32048
20502
13169
28910
20156
19380
17941
9671
29216
758
1606
21645
13312
32255
20844
17308
26007
7218
20523
25747
12119
11336
32300
19719
30415
19103
24353
10104
23506
