22716
19886
29193
5846
24705
21052
27654
45
21462
19053
27686
10225
15708
24490
23102
27256
3228
30123
13368
4818
20984
18073
18859
30729
30433
2671
21935
32679
17995
11686
27375
10617
22878
23313
26111
2195
15471
23814
23024
19860
24622
6590
11042
17963
11041
12030
19546
30170
16209
28919
21012
11258
18499
20588
20507
15104
25897
27666
13654
13566
858
20796
6629
20845
15616
12215
13165
24617
4112
1267
25519
28093
384
612
5472
31969
180
13096
23348
31041
7993
9450
1341
18304
28853
6150
8307
5757
10014
31470
5268
21973
16171
13516
21550
30121
20744
873
21241
21409
22862
28749
13931
31024
3634
8488
29831
3866
5373
1904
21750
10804
11196
13132
2136
21867
6968
19889
18908
32008
1320
32202
16142
7987
25254
15774
2545
26037
18144
25069
16718
3330
14864
22874
17227
15478
16558
26320
5695
13279
25315
23326
19397
29244
18498
4580
6672
14788
15283
13747
8062
5418
11183
3952
1135
16928
31411
25849
28503
9498
13294
11019
32530
10836
30781
3684
16248
14358
14170
6180
19506
5687
2385
29049
5580
28384
15411
2683
32010
19602
27149
10325
14464
14698
11035
7846
14429
25508
14394
14375
31880
27487
4508
4749
4334
15775
32191
29105
9242
8344
29856
19950
27654
21802
19244
8650
19760
29096
13047
15065
30705
23005
25136
4575
28682
30801
30677
28213
12928
7368
28707
22638
28075
9228
15697
8249
32649
19692
22653
31113
11864
24197
24295
29940
20323
960
3933
22361
20508
28
15350
5318
21867
8622
1027
29337
25926
5222
27203
5349
20098
31379
6998
31511
17128
28329
30836
12249
22412
21058
14943
12342
24410
3684
16534
19967
21490
10498
24780
4462
16566
21445
19096
24074
25632
22540
21358
24266
31578
1073
16078
32125
27656
32270
22203
26985
16488
7871
26735
28979
10654
15274
31053
13311
31817
189
18455
28119
23386
16375
28257
25425
1318
23082
13894
12396
30394
9471
30809
32444
22894
29242
5598
26311
28349
7231
25403
174
28243
15317
5801
26640
2664
27435
3887
14123
3661
14873
2001
15684
19268
14247
2821
29769
18325
13523
14950
31158
25566
9359
16044
3765
27307
15626
29660
25481
15942
15920
9660
12844
6353
372
28810
27703
4753
14029
6637
3
25229
29438
30252
30990
3416
29467
11678
32672
30251
14665
30306
31662
1590
26309
5711
24318
24120
30504
16686
23180
17998
16617
10023
813
20488
24355
18298
10610
24258
26776
23408
26831
2610
6135
28048
12796
3901
18778
28949
21660
17167
28947
28064
19485
15466
28584
4907
21471
10046
26396
19006
1688
30331
30064
5221
3319
26659
30826
20705
8071
4003
16021
14750
24535
23139
18825
11365
19672
17052
1388
5203
22150
9322
6585
1930
21706
26914
14144
27942
26015
31973
1903
16243
30325
17013
8399
15965
31954
31048
9425
9767
8767
18907
27339
15968
26466
27721
23614
21779
616
7452
26202
31295
31910
21603
9412
3974
21375
29445
10646
41
8328
23124
1704
13620
3306
8677
31758
6646
5128
24480
28641
17588
22882
13843
4931
6047
5561
7435
22685
28162
24437
6246
7979
10688
21059
20771
14267
13566
23042
17595
9905
19485
9440
32436
18255
9195
192
4211
13363
16410
10208
15186
6433
3569
16568
242
20995
5953
5413
3539
31534
24987
17606
12833
22247
19904
30374
23761
11302
2905
19996
19693
666
29928
9968
27948
24556
26623
23743
3526
27208
28080
8609
28806
5146
18244
10248
23329
13589
13103
9196
9158
13434
32324
26405
27638
10391
13606
7448
32150
3982
2559
27029
32323
1367
17012
28416
27877
6920
16856
32687
7559
13140
927
32404
10086
2130
6678
13084
31047
16000
1362
5206
2062
10504
30310
20312
19341
9026
21210
3295
32154
9081
3160
14901
20324
27378
8359
22872
2311
30506
21982
7256
18269
6240
1745
20481
19479
20819
5072
22970
5133
25677
19345
19629
10195
12640
24682
23080
23181
18928
15811
8515
27396
23922
20940
8644
15097
25458
8043
22079
4281
9947
11385
14722
5873
5747
8237
15152
3780
32421
9688
26539
26651
4227
26579
18231
13372
23051
14006
14429
9887
5033
12491
18830
6140
26366
32195
22025
16297
4832
29351
27135
5923
4258
12817
12788
7147
7829
7323
31080
25491
21454
9624
31927
13848
8490
24578
4670
8818
25488
22452
28351
16746
27510
2777
2310
6828
7591
6053
24781
24605
4419
29251
11486
29550
20231
14094
13431
27122
5582
27907
22514
684
18520
19574
3237
17069
26699
24069
20488
11165
17015
1483
22037
16535
12382
20182
30453
19770
4852
2778
8152
8956
27299
6694
19237
16578
12434
28632
17363
6318
21799
9805
14358
26680
1995
14300
24383
22145
11245
12228
14045
19683
8009
26466
6953
15821
13674
9128
16033
19918
3181
9930
17650
4847
7945
2618
1307
24134
14284
29911
14032
17352
10663
354
3868
21599
29101
26929
4171
15933
9752
18215
4359
18287
22157
1763
16065
22197
16801
21560
8019
32401
923
7901
21987
16030
8827
1638
12042
28451
6972
17011
14389
2792
21591
23336
26188
19272
6536
17885
3986
19080
1236
14870
15565
8295
30923
21173
5542
11510
4107
20334
27730
1450
9733
2684
11378
14512
23812
30354
12600
23168
17771
14613
18124
4533
2621
13448
23278
5404
18147
5960
8412
20491
27178
17017
11382
8436
19084
7488
18592
26169
20400
10290
3304
19778
21812
25869
30313
6094
10921
26278
2030
19334
21727
7459
13659
32728
29795
12906
7753
15874
30023
2778
23537
10093
27681
15928
26187
22077
17494
7404
21623
11302
9113
5485
31835
897
9902
3578
13710
30367
23412
1675
17268
12637
7202
5895
10923
248
12241
7607
30118
5667
21563
12795
11416
11607
5314
12091
1172
4459
4788
27681
2546
11364
8909
29189
18932
6798
25597
18601
16298
29644
13164
10791
2066
16172
8636
13095
8580
17598
19854
25429
14925
12711
18247
531
21147
17009
25108
15210
13721
26533
5675
2375
3546
6300
22612
15588
6395
18578
2728
15492
16004
12796
27289
18787
3600
27675
8243
25069
26798
32466
21154
5166
22918
26805
26099
21642
25024
19298
17951
11438
15265
12820
25413
22214
22775
9845
17207
6384
8376
1972
19512
29937
12262
22488
11524
40
8629
29524
1553
30656
8944
26331
14357
25897
21657
22389
31688
26312
16848
12499
9963
28909
27893
3551
17033
