19575
1839
14292
23914
30789
11857
15364
30804
29792
2486
6132
620
17310
32173
6210
26924
25502
32546
21688
16773
16548
2082
25283
126
7076
13724
3111
10015
5789
29285
24050
25997
23337
21375
9134
31094
3921
2459
8923
19375
3237
3036
10909
4380
3469
24542
19377
29393
17626
8951
19621
374
5024
14525
11849
30704
20808
17096
21601
4414
23009
17849
9884
30112
22199
8058
15818
767
29991
13000
29001
29833
32689
27631
22720
11676
3407
725
5648
11237
15109
7738
31624
25801
9146
15422
25177
4611
2630
1060
17737
12687
27084
25941
29611
15559
24650
10152
28814
23245
10094
20704
21045
4648
4012
887
13767
15794
12685
15002
6984
18609
18762
1908
15816
30276
28825
13231
15322
14337
10951
27960
9288
22492
30471
24387
15109
31050
23818
23696
2659
13735
10191
32492
5254
22485
17085
24570
14617
31527
27887
20275
9023
4477
14031
10540
21453
5296
32230
13335
7094
26416
23282
9613
6855
10219
13881
13707
5780
32113
30238
25274
15794
7254
31730
19443
11046
3288
25356
17154
15902
29634
13852
31914
6623
25233
3772
490
25087
29396
21320
18047
1748
12505
1776
2218
13868
6533
24587
24115
17470
12164
6318
4782
8417
27555
11646
15101
11516
3193
