23150
7632
13064
27770
20288
19019
15626
3934
22047
20560
8015
16083
11058
29696
25540
6694
31077
23078
27477
20639
31918
12653
16983
13398
6549
31697
5155
28489
3571
3156
516
3756
7930
3314
24916
22656
26741
8406
9441
8039
12625
30414
30102
2231
26973
24573
15959
30925
13390
16080
12076
6564
9734
25139
31650
12198
5142
8452
22638
12481
8321
18887
31828
20926
25027
15004
10311
32206
19473
13679
31442
27750
16355
17519
4790
18765
25008
17089
17621
8948
7928
23925
26958
4869
1160
8377
1002
21822
18938
25932
19383
16512
13947
12854
22002
22051
17105
26295
26666
23437
7324
16509
13731
12803
28379
4633
3065
24766
5043
15796
13061
1346
4972
18430
1028
7659
5309
5992
31734
25289
8777
13203
19781
8366
26985
6408
13479
19076
22060
29993
5445
13540
12444
24168
8221
12261
8003
23734
2725
29490
13038
22078
6321
4192
24497
13396
32150
24446
1835
21672
22672
6637
30731
6848
20577
6002
1747
13733
4667
24969
9181
28124
14304
4348
4763
3991
22792
10677
9762
17709
19459
26832
9962
30152
22943
14581
17871
31837
26700
16613
16476
19170
25214
16466
6729
19899
23635
12020
4162
9077
15478
20953
10219
31926
27715
15101
288
14452
21292
26394
19585
4198
8539
28097
2862
27064
11672
30634
31695
7683
27246
28489
22744
20604
13961
8097
19467
9068
3171
13661
15166
25056
21792
22045
21086
29089
25270
16910
28340
8550
21840
13245
20327
10057
28661
29229
12098
25464
8292
18727
11192
15149
15939
23505
7461
8160
17785
1410
17495
5819
4057
15573
29005
21582
20992
11516
1854
16516
24448
31063
478
30421
31294
24389
24540
5822
12568
10811
5807
30830
4555
11795
29586
6595
12820
15270
3533
22388
21526
17308
11831
18064
10748
7043
20473
16935
31967
6431
7828
326
15082
30721
5414
18729
12476
15707
8937
4013
29197
3603
