23235
24946
18781
30825
26323
22810
31013
26129
25365
24550
4169
17228
29613
1148
12712
31500
7449
10614
9540
9688
1041
21942
14152
31938
25778
24313
2122
30873
1244
8879
13005
29023
9689
16651
27146
20989
14655
3670
30192
13366
23831
11912
12393
30938
25406
3865
26591
12348
26636
13077
19199
26341
15412
1391
16828
10890
9707
9623
22423
23356
15693
25166
6942
7391
26620
22202
5811
31965
14346
23989
18063
8220
12825
20331
12295
3373
16064
15652
32269
26310
19249
8030
18169
10866
23833
10783
24458
18311
7624
15241
24359
8792
8338
6319
14699
22445
26741
27815
4321
21616
28924
15841
9996
5545
15970
19894
3499
9389
14587
5700
32058
9105
22480
23162
29884
32229
24201
31855
1720
4511
12945
3576
30594
25686
2932
20345
4283
14513
652
4347
19995
6174
17884
10623
18286
9415
29244
30866
31709
18370
22711
9762
25199
3975
13105
5264
25552
21160
3148
14598
8528
27324
24205
19979
11566
7068
11963
5205
6167
31443
9608
5598
30698
27471
27764
7994
19390
349
20973
25383
24870
25300
30907
31846
7860
30607
5787
16841
22459
32289
1578
8334
3417
22725
12293
28907
16565
9876
3887
30954
14982
31995
21683
4471
27605
21867
28298
8631
19459
850
30142
25756
22541
17995
18384
11447
5903
19601
20312
6733
18439
14778
16363
30636
7388
1442
18753
12223
9887
18341
1431
4833
22288
16913
10067
24047
15204
16858
10727
14241
21573
9872
2551
6170
12059
9871
18622
20157
9354
9078
16046
6723
24635
8922
342
1802
5600
16187
24713
1968
1906
9526
16061
31713
16573
28925
18609
6509
11295
5
20563
27550
25741
2814
20192
23752
26838
7176
21069
32289
5164
13604
23014
467
32736
15080
26165
6992
12909
30584
16421
14822
16312
18865
15207
20883
16022
21671
30741
9754
14223
17234
26517
19542
28898
29828
6337
21967
15304
8990
3908
23179
9981
24196
10823
21799
14973
26446
24142
1318
8331
17473
18012
19336
24568
9085
20574
13726
2978
23543
2246
10782
2875
9002
18807
27763
24908
19210
20449
27222
4729
7226
32365
1954
4614
8318
19739
23652
22426
29043
11625
6450
579
24446
25976
1471
11451
1282
9834
19884
22250
6614
25102
4000
2219
6902
9151
25242
4563
6776
28809
17798
2928
19394
29326
11535
32334
8187
29608
9141
21184
1727
27472
12319
28060
10007
9151
30130
7816
9384
14930
17250
17268
17706
32563
1224
17768
2588
30774
18805
21120
4790
2817
22151
31029
23072
4720
30330
2269
9697
