23072
11814
10308
7307
2114
23081
6463
8652
18985
4273
11564
15026
4013
25800
17216
16564
10037
6857
16308
13103
20090
1559
17075
8888
16526
28430
18038
26289
25884
5434
26798
20762
1265
8647
25378
21674
10171
7737
30617
20766
32529
17246
21242
31186
692
13440
11186
2702
8725
31454
8022
16034
12055
21854
5001
15925
26133
12412
7713
30170
14119
23174
14469
3172
13473
18443
16985
27388
19165
31889
5982
2928
9531
27526
15507
206
25701
25977
26785
28210
2520
25994
27509
24540
15520
21279
14639
14981
19298
3033
7227
13555
4000
18887
21181
4044
5689
14809
6963
32680
12591
22167
29782
32105
22189
23314
5184
28879
29001
25115
23252
26951
1414
1460
17243
22788
20637
4804
6507
1617
17533
9487
29965
10022
1296
16228
16926
23289
19136
13336
22262
30422
20026
29108
24136
22450
8561
2027
6217
12029
6630
30927
14101
32118
12328
10820
23118
12355
30870
2996
28166
5185
6508
17412
28895
5017
25086
31687
25968
29076
26430
6066
29419
30896
18820
30544
30973
20211
1935
3063
6902
25727
711
23547
1578
12391
6340
17953
30615
12225
30228
6487
17608
23292
1593
21666
27641
1396
9458
9047
28539
23364
29884
27022
90
29019
32407
29908
15422
7123
32525
9504
655
32382
1137
8713
9436
3009
16997
28725
30334
26021
16030
31509
32632
21803
15084
26319
22178
19424
116
15996
26375
9138
28736
21140
9355
4354
31995
23462
29649
31482
29173
13645
18779
11809
11118
17759
17395
7468
9232
25447
17994
9240
31677
21590
21472
373
23435
11893
13603
31237
23309
14750
9947
23173
19157
8108
6341
19403
2102
304
16254
11537
15951
16998
32163
26769
14404
9319
26679
30290
10447
32415
27205
321
2808
11394
19398
25219
32
891
8132
26378
20292
25893
24000
4966
27008
16830
10834
23006
6098
7897
4879
30400
13857
30290
16815
26357
8062
391
27248
11480
12201
17605
31157
22345
32215
28417
17651
32508
13490
25033
17101
11799
11170
30074
3710
26109
9547
19890
14968
14180
22359
21000
13898
8366
8053
7931
19399
9846
2465
809
30565
23145
2983
23746
8163
17495
6626
27451
28975
24969
31050
26951
24198
11862
29358
771
4061
28145
19261
31856
16000
9349
9803
7207
17657
30596
13394
11848
26163
26684
21303
13236
4063
7339
975
4476
7191
10900
22690
21657
22081
6354
16879
24029
18231
2797
23280
2601
3237
19179
7262
10977
16306
9576
6200
25245
12002
19433
8897
14881
28474
12654
3272
400
2214
5446
21291
20956
16793
12327
26526
17025
19955
14206
30377
10099
25895
11012
20208
27476
925
8338
19895
23019
23381
566
29861
28370
14286
29318
3272
31854
22822
19252
31450
16164
2690
27107
10435
12490
30640
16185
10334
12380
1547
21558
29568
20977
13471
14788
27959
27373
18318
5775
2127
11895
17075
18198
14107
28206
30596
17411
2162
21271
10813
17079
5623
8922
4667
17450
10141
25903
14757
1522
12395
32147
82
2465
2173
3391
17895
9812
2124
12634
32576
22665
26927
29038
15122
17457
3873
29209
22990
7431
8132
16389
31944
26911
2726
18201
28824
20930
26307
18929
5824
30329
